4092
0 0 2 3
0 4 2 7
0 8 2 11
0 12 2 15
0 16 2 19
0 20 2 23
0 24 2 27
0 28 2 31
0 32 2 35
0 36 2 39
0 40 2 43
0 44 2 47
0 48 2 51
0 52 2 55
0 56 2 59
0 60 2 63
0 64 2 67
0 68 2 71
0 72 2 75
0 76 2 79
0 80 2 83
0 84 2 87
0 88 0 99
0 100 2 103
0 104 2 107
0 108 2 111
0 112 2 115
0 116 2 119
0 120 2 123
0 124 2 127
0 128 2 131
0 132 3 134
0 135 2 138
0 139 2 142
0 143 2 146
0 147 2 150
0 151 2 154
0 155 2 158
0 159 2 162
0 163 2 166
0 167 2 170
0 171 2 174
0 175 2 178
0 179 2 182
0 183 2 186
0 187 2 190
0 191 2 194
0 195 0 206
0 207 2 210
0 211 2 214
0 215 2 218
0 219 2 222
0 223 3 225
0 226 3 228
0 229 2 232
0 233 2 236
0 237 2 240
0 241 2 244
0 245 2 248
0 249 11 249
1 88 3 91
1 92 3 95
1 96 3 99
1 195 6 196
1 197 6 198
1 199 2 204
1 205 6 206
3 0 5 3
3 4 5 7
3 8 5 11
3 12 5 15
3 16 5 19
3 20 5 23
3 24 5 27
3 28 6 30
3 31 5 34
3 35 5 38
3 39 5 42
3 43 5 46
3 47 5 50
3 51 6 53
3 54 5 57
3 58 5 61
3 62 5 65
3 66 5 69
3 70 5 73
3 74 5 77
3 78 5 81
3 82 4 87
3 100 5 103
3 104 3 115
3 116 5 119
3 120 5 123
3 124 5 127
3 128 14 128
3 129 6 131
3 135 5 138
3 139 5 142
3 143 5 146
3 147 5 150
3 151 5 154
3 155 5 158
3 159 5 162
3 163 5 166
3 167 5 170
3 171 5 174
3 175 5 178
3 179 5 182
3 183 5 186
3 187 6 189
3 190 5 193
3 194 14 194
3 199 5 202
3 203 8 204
3 207 5 210
3 211 5 214
3 215 5 218
3 219 5 222
3 229 5 232
3 233 5 236
3 237 14 237
3 238 14 238
3 239 8 240
3 241 5 244
3 245 5 248
4 88 6 91
4 92 6 95
4 96 6 99
4 104 4 115
4 132 7 134
4 223 7 225
4 226 9 227
4 228 15 228
5 82 7 85
5 86 10 87
5 104 6 109
5 110 8 112
5 113 8 115
6 0 8 3
6 4 8 7
6 8 8 11
6 12 8 15
6 16 8 19
6 20 8 23
6 24 8 27
6 31 8 34
6 35 9 37
6 38 8 41
6 42 8 45
6 46 9 48
6 49 11 50
6 54 8 57
6 58 9 60
6 61 8 64
6 65 8 68
6 69 8 72
6 73 8 76
6 77 8 80
6 81 17 81
6 100 8 103
6 116 8 119
6 120 8 123
6 124 8 127
6 135 8 138
6 139 17 139
6 140 8 143
6 144 8 147
6 148 8 151
6 152 8 155
6 156 8 159
6 160 8 163
6 164 8 167
6 168 8 171
6 172 8 175
6 176 8 179
6 180 8 183
6 184 9 186
6 190 9 192
6 193 17 193
6 199 8 202
6 207 8 210
6 211 8 214
6 215 17 215
6 216 7 221
6 222 17 222
6 229 8 232
6 233 8 236
6 241 8 244
6 245 8 248
7 28 10 30
7 51 10 53
7 88 9 91
7 92 9 95
7 96 12 97
7 98 12 99
7 104 9 107
7 108 12 109
7 129 10 131
7 187 10 189
7 195 9 198
7 205 12 206
8 82 10 85
8 132 11 134
8 216 10 219
8 220 19 220
8 221 19 221
8 223 11 225
9 0 11 3
9 4 11 7
9 8 11 11
9 12 11 15
9 16 10 21
9 22 11 25
9 26 14 27
9 31 11 34
9 38 11 41
9 42 11 45
9 54 11 57
9 61 11 64
9 65 11 68
9 69 11 72
9 73 11 76
9 77 11 80
9 100 12 102
9 110 11 113
9 114 11 117
9 118 11 121
9 122 11 125
9 126 14 127
9 135 11 138
9 140 11 143
9 144 12 146
9 147 12 149
9 150 11 153
9 154 11 157
9 158 11 161
9 162 11 165
9 166 11 169
9 170 10 175
9 176 11 179
9 180 11 183
9 199 11 202
9 203 14 204
9 207 12 209
9 210 11 213
9 214 20 214
9 229 11 232
9 233 11 236
9 239 11 242
9 243 11 246
9 247 14 248
10 35 13 37
10 46 13 48
10 58 13 60
10 88 12 91
10 92 12 95
10 104 13 106
10 107 21 107
10 184 13 186
10 190 13 192
10 195 12 198
11 16 14 18
11 19 14 21
11 28 14 30
11 51 14 53
11 82 12 87
11 130 16 131
11 170 12 175
11 187 22 187
11 188 16 189
11 216 13 219
11 226 22 226
12 0 14 3
12 4 13 9
12 10 14 13
12 14 17 15
12 22 14 25
12 31 14 34
12 38 14 41
12 42 14 45
12 49 17 50
12 54 14 57
12 61 14 64
12 65 14 68
12 69 17 70
12 71 15 73
12 74 14 77
12 79 17 80
12 110 14 113
12 114 14 117
12 118 13 123
12 124 17 125
12 132 14 135
12 136 15 138
12 140 14 143
12 150 14 153
12 154 14 157
12 158 23 158
12 159 15 161
12 162 14 165
12 166 14 169
12 176 14 179
12 180 14 183
12 199 14 202
12 210 14 213
12 223 15 225
12 229 14 232
12 233 14 236
12 239 14 242
12 243 15 245
12 246 23 246
12 249 23 249
13 82 15 85
13 86 15 89
13 90 15 93
13 94 15 97
13 98 15 101
13 102 18 103
13 108 18 109
13 144 15 147
13 148 18 149
13 170 16 172
13 173 16 175
13 195 15 198
13 205 15 208
14 4 16 7
14 8 19 9
14 35 19 36
14 37 25 37
14 46 17 48
14 58 17 60
14 104 17 106
14 118 16 121
14 122 19 123
14 184 17 186
14 190 17 192
14 216 16 219
15 0 17 3
15 10 17 13
15 16 20 17
15 18 17 21
15 22 17 25
15 26 17 29
15 30 17 33
15 34 26 34
15 38 17 41
15 42 17 45
15 51 17 54
15 55 18 57
15 61 17 64
15 65 17 68
15 74 17 77
15 78 26 78
15 110 16 115
15 116 26 116
15 126 17 129
15 132 17 135
15 140 17 143
15 150 20 151
15 152 20 153
15 154 17 157
15 162 17 165
15 166 17 169
15 176 18 178
15 179 17 182
15 183 26 183
15 194 26 194
15 199 17 202
15 203 20 204
15 209 17 212
15 213 26 213
15 229 20 230
15 231 15 242
15 247 20 248
16 71 19 73
16 82 27 82
16 83 19 85
16 86 16 97
16 98 27 98
16 99 21 100
16 101 27 101
16 136 19 138
16 144 18 147
16 159 19 161
16 195 18 198
16 205 18 208
16 223 21 224
16 225 27 225
16 227 21 228
16 231 19 233
16 234 18 237
16 238 18 241
16 242 18 245
17 4 19 7
17 86 19 89
17 90 19 93
17 94 19 97
17 110 19 113
17 114 22 115
17 117 19 120
17 121 28 121
17 130 22 131
17 170 19 173
17 174 22 175
17 188 22 189
17 216 19 219
18 0 20 3
18 10 20 13
18 15 29 15
18 18 20 21
18 22 20 25
18 26 20 29
18 30 20 33
18 38 21 40
18 41 20 44
18 45 20 48
18 49 20 52
18 53 23 54
18 58 20 61
18 62 20 65
18 66 20 69
18 74 20 77
18 79 21 81
18 104 21 106
18 124 20 127
18 128 29 128
18 132 20 135
18 139 20 142
18 143 29 143
18 154 20 157
18 162 20 165
18 166 21 168
18 169 29 169
18 179 20 182
18 184 21 186
18 190 20 193
18 199 20 202
18 209 20 212
18 222 29 222
19 55 22 57
19 102 30 102
19 108 24 109
19 144 21 147
19 148 24 149
19 176 30 176
19 177 30 177
19 178 30 178
19 195 21 198
19 205 21 208
19 234 21 237
19 238 21 241
19 242 21 245
20 4 22 7
20 8 25 9
20 35 25 36
20 70 23 72
20 73 31 73
20 83 22 86
20 87 22 90
20 91 22 94
20 95 23 97
20 103 31 103
20 110 22 113
20 117 31 117
20 118 31 118
20 119 25 120
20 122 25 123
20 136 23 138
20 159 23 161
20 170 22 173
20 215 22 218
20 219 23 221
20 231 23 233
21 0 23 3
21 10 23 13
21 14 32 14
21 16 23 19
21 20 23 23
21 24 23 27
21 28 23 31
21 32 26 33
21 41 24 43
21 44 23 47
21 48 23 51
21 52 32 52
21 58 23 61
21 62 23 65
21 66 23 69
21 74 23 77
21 124 26 125
21 126 26 127
21 132 23 135
21 139 23 142
21 150 23 153
21 154 23 157
21 162 23 165
21 179 23 182
21 190 23 193
21 199 23 202
21 203 26 204
21 209 23 212
21 229 26 230
21 247 26 248
22 38 25 40
22 79 25 81
22 99 27 100
22 104 24 107
22 144 24 147
22 166 25 168
22 184 25 186
22 195 27 196
22 197 33 197
22 205 24 208
22 223 27 224
22 227 27 228
22 234 24 237
22 238 24 241
22 242 24 245
23 4 26 6
23 7 34 7
23 55 26 57
23 83 25 86
23 87 25 90
23 91 25 94
23 110 26 112
23 113 26 115
23 129 26 131
23 170 25 173
23 174 28 175
23 187 26 189
23 214 25 217
23 218 34 218
23 226 34 226
24 0 26 3
24 10 26 13
24 16 26 19
24 20 27 22
24 23 26 26
24 27 29 28
24 29 27 31
24 44 26 47
24 48 26 51
24 53 29 54
24 58 26 61
24 62 26 65
24 66 26 69
24 70 27 72
24 74 26 77
24 95 29 96
24 97 35 97
24 132 26 135
24 136 26 139
24 140 27 142
24 150 26 153
24 154 27 156
24 157 27 159
24 160 26 163
24 164 29 165
24 179 26 182
24 190 26 193
24 198 26 201
24 202 35 202
24 209 29 210
24 211 29 212
24 219 27 221
24 231 27 233
24 246 35 246
24 249 35 249
25 41 28 43
25 104 27 107
25 108 30 109
25 144 27 147
25 148 30 149
25 205 27 208
25 234 27 237
25 238 26 243
25 244 36 244
25 245 36 245
26 8 31 9
26 35 28 38
26 39 31 40
26 79 31 80
26 83 28 86
26 87 28 90
26 91 28 94
26 119 31 120
26 122 31 123
26 166 29 168
26 170 28 173
26 184 29 186
26 214 28 217
27 0 30 2
27 3 29 6
27 10 29 13
27 16 30 18
27 19 38 19
27 23 29 26
27 32 30 34
27 44 29 47
27 48 30 50
27 55 29 58
27 59 30 61
27 62 29 65
27 67 30 69
27 74 29 77
27 78 38 78
27 110 29 113
27 114 32 115
27 116 38 116
27 124 38 124
27 125 30 127
27 129 27 139
27 150 29 153
27 160 29 163
27 179 29 182
27 183 38 183
27 187 29 190
27 191 29 194
27 198 29 201
27 203 32 204
27 213 38 213
27 229 32 230
27 238 29 241
27 242 32 243
27 247 32 248
28 20 33 21
28 22 39 22
28 29 31 31
28 51 39 51
28 66 39 66
28 70 33 71
28 72 39 72
28 82 39 82
28 98 30 101
28 104 30 107
28 129 33 130
28 131 31 133
28 134 31 136
28 137 31 139
28 140 31 142
28 144 30 147
28 154 30 157
28 158 33 159
28 195 39 195
28 196 39 196
28 205 30 208
28 219 31 221
28 223 31 225
28 227 33 228
28 231 30 234
28 235 31 237
29 35 31 38
29 41 32 43
29 83 31 86
29 87 31 90
29 91 31 94
29 121 40 121
29 170 31 173
29 174 34 175
29 214 31 217
30 3 32 6
30 10 32 13
30 15 41 15
30 23 32 26
30 27 35 28
30 44 32 47
30 53 32 56
30 57 35 58
30 62 32 65
30 74 32 77
30 95 35 96
30 110 32 113
30 128 41 128
30 143 41 143
30 150 32 153
30 160 35 161
30 162 31 167
30 168 41 168
30 179 32 182
30 184 32 187
30 188 31 193
30 194 41 194
30 198 32 201
30 209 32 212
30 222 41 222
30 238 32 241
31 0 34 2
31 16 34 18
31 32 34 34
31 48 36 49
31 50 42 50
31 59 34 61
31 67 34 69
31 98 33 101
31 102 42 102
31 104 42 104
31 105 33 108
31 109 42 109
31 125 34 127
31 144 33 147
31 148 36 149
31 154 33 157
31 169 42 169
31 176 34 178
31 205 36 206
31 207 42 207
31 208 42 208
31 231 33 234
32 8 37 9
32 29 35 31
32 35 34 38
32 39 37 40
32 79 35 81
32 83 34 86
32 87 34 90
32 91 34 94
32 103 43 103
32 117 34 120
32 122 37 123
32 131 37 132
32 133 35 135
32 136 34 139
32 140 35 142
32 162 37 163
32 164 34 167
32 170 34 173
32 188 35 190
32 191 35 193
32 214 34 217
32 219 35 221
32 223 35 225
32 235 35 237
33 3 44 3
33 5 38 6
33 10 35 13
33 14 44 14
33 23 35 26
33 41 35 44
33 47 44 47
33 52 35 55
33 62 35 65
33 73 35 76
33 77 44 77
33 110 36 112
33 114 38 115
33 150 35 153
33 179 35 182
33 184 44 184
33 185 38 186
33 187 44 187
33 198 36 200
33 201 44 201
33 203 38 204
33 209 35 212
33 229 38 230
33 238 35 241
33 242 38 243
33 247 38 248
34 20 39 21
34 70 45 70
34 71 45 71
34 98 36 101
34 105 37 107
34 108 45 108
34 129 45 129
34 130 45 130
34 144 36 147
34 154 36 157
34 158 39 159
34 197 45 197
34 227 39 228
34 231 36 234
35 0 38 2
35 4 46 4
35 7 46 7
35 16 38 18
35 32 37 35
35 36 38 38
35 59 38 61
35 67 38 69
35 83 37 86
35 87 37 90
35 91 38 93
35 94 46 94
35 117 37 120
35 125 38 127
35 136 37 139
35 164 37 167
35 170 37 173
35 174 37 177
35 178 46 178
35 214 37 217
35 226 46 226
36 10 38 13
36 23 38 26
36 27 38 30
36 31 47 31
36 41 38 44
36 45 41 46
36 52 39 54
36 55 38 58
36 62 38 65
36 73 38 76
36 79 39 81
36 96 41 97
36 133 39 135
36 140 39 142
36 150 38 153
36 160 41 161
36 179 38 182
36 188 38 191
36 192 41 193
36 202 47 202
36 209 38 212
36 218 38 221
36 223 41 224
36 235 38 238
36 239 39 241
36 246 47 246
36 249 47 249
37 48 42 49
37 98 39 101
37 110 39 113
37 144 39 147
37 148 42 149
37 154 39 157
37 198 40 200
37 205 42 206
37 225 48 225
37 231 39 234
37 244 42 245
38 8 43 9
38 32 40 35
38 39 49 39
38 40 49 40
38 83 40 86
38 87 40 90
38 105 41 107
38 117 49 117
38 119 43 120
38 122 43 123
38 131 43 132
38 136 40 139
38 162 40 165
38 166 43 167
38 170 40 173
38 174 40 177
38 214 40 217
39 0 42 2
39 5 44 6
39 10 41 13
39 16 41 19
39 23 41 26
39 27 41 30
39 36 42 38
39 41 41 44
39 55 42 57
39 58 41 61
39 62 41 65
39 67 42 69
39 73 50 73
39 74 42 76
39 78 50 78
39 91 42 93
39 95 50 95
39 114 42 116
39 124 44 125
39 126 44 127
39 150 41 153
39 179 41 182
39 185 44 186
39 188 41 191
39 203 44 204
39 209 42 211
39 212 44 213
39 218 41 221
39 229 50 229
39 230 50 230
39 235 41 238
39 242 44 243
39 247 44 248
40 20 43 22
40 51 42 54
40 72 51 72
40 79 42 82
40 98 42 101
40 110 42 113
40 133 43 135
40 140 43 142
40 144 42 147
40 154 42 157
40 158 51 158
40 159 51 159
40 183 51 183
40 195 45 196
40 227 45 228
40 231 42 234
40 239 51 239
40 240 51 240
40 241 51 241
41 32 43 35
41 66 52 66
41 83 43 86
41 87 43 90
41 121 52 121
41 136 43 139
41 162 43 165
41 170 43 173
41 174 43 177
41 198 44 200
41 214 44 216
42 10 44 13
42 15 44 18
42 23 44 26
42 27 44 30
42 41 44 44
42 45 53 45
42 46 53 46
42 58 44 61
42 62 44 65
42 96 47 97
42 105 45 107
42 128 53 128
42 150 44 153
42 160 47 161
42 168 53 168
42 179 44 182
42 188 44 191
42 192 45 194
42 217 44 220
42 221 44 224
42 235 44 238
43 0 46 2
43 36 46 38
43 48 45 51
43 52 45 55
43 56 48 57
43 67 46 69
43 74 46 76
43 79 46 81
43 82 54 82
43 91 48 92
43 98 45 101
43 102 54 102
43 104 54 104
43 109 45 112
43 113 45 116
43 118 54 118
43 143 44 148
43 149 54 149
43 154 45 157
43 169 54 169
43 205 45 208
43 209 46 211
43 231 45 234
43 244 48 245
44 8 49 9
44 19 46 22
44 32 46 35
44 83 45 88
44 89 49 90
44 93 55 93
44 103 55 103
44 119 49 120
44 122 49 123
44 131 46 134
44 135 46 138
44 139 47 141
44 142 55 142
44 162 46 165
44 166 49 167
44 170 46 173
44 174 46 177
45 3 56 3
45 5 50 6
45 10 47 13
45 14 47 17
45 18 56 18
45 23 47 26
45 27 47 30
45 41 47 44
45 47 56 47
45 58 46 63
45 64 50 65
45 77 56 77
45 124 47 127
45 143 47 146
45 147 50 148
45 150 47 153
45 179 48 181
45 182 56 182
45 184 47 187
45 188 47 191
45 198 47 201
45 203 50 204
45 212 47 215
45 216 47 219
45 220 47 223
45 224 56 224
45 235 56 235
45 236 50 237
45 238 56 238
45 242 56 242
45 247 50 248
46 48 48 51
46 52 48 55
46 70 57 70
46 71 57 71
46 83 48 86
46 87 51 88
46 98 48 101
46 105 48 108
46 109 49 111
46 112 51 113
46 114 49 116
46 129 51 130
46 154 48 157
46 192 48 195
46 196 51 197
46 205 48 208
46 227 51 228
46 231 48 234
47 0 50 2
47 4 58 4
47 7 58 7
47 19 52 20
47 21 52 22
47 32 49 35
47 36 50 38
47 58 49 61
47 62 52 63
47 67 50 69
47 74 50 76
47 79 50 81
47 94 58 94
47 131 49 134
47 135 49 138
47 162 49 165
47 170 49 173
47 174 49 177
47 178 58 178
47 210 52 211
47 226 58 226
48 10 50 13
48 14 50 17
48 23 50 26
48 27 59 27
48 28 53 29
48 30 53 31
48 41 50 44
48 96 53 97
48 124 50 127
48 139 51 141
48 143 50 146
48 150 50 153
48 160 53 161
48 184 50 187
48 188 50 191
48 198 50 201
48 202 59 202
48 212 50 215
48 216 50 219
48 220 50 223
48 246 59 246
48 249 59 249
49 48 51 51
49 52 51 55
49 56 54 57
49 83 51 86
49 91 54 92
49 98 51 101
49 105 52 107
49 108 60 108
49 154 54 155
49 156 54 157
49 179 52 181
49 192 51 195
49 205 51 208
49 225 60 225
49 231 51 234
49 243 52 245
50 8 55 9
50 32 52 35
50 39 61 39
50 40 61 40
50 58 52 61
50 89 55 90
50 109 53 111
50 114 52 117
50 119 55 120
50 122 55 123
50 131 51 136
50 137 55 138
50 162 52 165
50 166 55 167
50 170 52 173
50 174 52 177
50 209 61 209
51 0 56 1
51 2 62 2
51 5 56 6
51 10 53 13
51 14 53 17
51 23 54 25
51 26 62 26
51 36 54 38
51 41 53 44
51 64 56 65
51 67 56 68
51 69 62 69
51 73 53 76
51 78 53 81
51 95 62 95
51 124 53 127
51 143 53 146
51 147 56 148
51 150 54 152
51 153 62 153
51 184 53 187
51 188 56 189
51 190 56 191
51 198 53 201
51 203 56 204
51 212 53 215
51 216 53 219
51 220 53 223
51 229 56 230
51 237 62 237
51 247 56 248
52 48 54 51
52 52 57 53
52 54 63 54
52 55 63 55
52 72 63 72
52 83 54 86
52 87 57 88
52 98 54 101
52 112 57 113
52 129 54 132
52 133 54 136
52 139 55 141
52 158 57 159
52 183 63 183
52 192 54 195
52 196 57 197
52 205 54 208
52 227 57 228
52 231 54 234
52 239 63 239
52 240 57 241
53 19 55 22
53 32 55 35
53 58 55 61
53 63 64 63
53 66 64 66
53 105 56 107
53 114 56 116
53 117 64 117
53 162 55 165
53 170 55 173
53 174 55 177
53 179 56 181
53 210 64 210
53 211 64 211
53 243 56 245
54 10 56 13
54 14 57 16
54 28 56 31
54 41 56 44
54 46 65 46
54 73 65 73
54 74 57 76
54 78 56 81
54 96 59 97
54 109 57 111
54 124 56 127
54 143 56 146
54 160 59 161
54 168 65 168
54 184 56 187
54 198 56 201
54 212 56 215
54 216 56 219
54 220 56 223
55 17 66 17
55 23 60 24
55 25 66 25
55 36 58 38
55 48 66 48
55 49 58 51
55 56 60 57
55 82 57 85
55 86 66 86
55 91 60 92
55 98 57 101
55 102 66 102
55 104 66 104
55 118 66 118
55 128 57 131
55 132 57 135
55 136 66 136
55 149 58 151
55 152 66 152
55 154 57 157
55 169 66 169
55 192 57 195
55 205 57 208
55 231 57 234
56 8 61 9
56 19 59 21
56 22 67 22
56 32 58 35
56 45 67 45
56 58 58 61
56 89 61 90
56 93 67 93
56 103 67 103
56 119 58 122
56 123 67 123
56 137 58 140
56 141 61 142
56 162 58 165
56 167 67 167
56 170 58 173
56 174 58 177
57 0 62 1
57 3 68 3
57 5 62 6
57 10 59 13
57 18 68 18
57 28 62 29
57 31 68 31
57 41 59 44
57 47 68 47
57 64 62 65
57 67 62 68
57 77 59 80
57 81 68 81
57 105 62 106
57 107 68 107
57 114 60 116
57 124 59 127
57 143 59 146
57 147 62 148
57 179 59 182
57 184 58 189
57 190 68 190
57 191 68 191
57 198 59 201
57 203 62 204
57 212 59 215
57 216 58 221
57 222 60 224
57 229 62 230
57 238 68 238
57 242 59 245
57 247 62 248
58 14 61 16
58 52 63 53
58 62 69 62
58 70 63 71
58 74 61 76
58 82 60 85
58 87 63 88
58 98 60 101
58 109 69 109
58 110 61 112
58 113 69 113
58 128 60 131
58 132 60 135
58 154 60 157
58 158 63 159
58 192 60 195
58 196 63 197
58 205 61 207
58 208 69 208
58 227 63 228
58 231 60 234
58 235 69 235
58 240 63 241
59 4 70 4
59 7 70 7
59 30 70 30
59 32 61 35
59 36 62 38
59 49 62 51
59 58 61 61
59 94 70 94
59 119 61 122
59 137 61 140
59 149 62 151
59 162 61 165
59 170 61 173
59 174 61 177
59 178 70 178
59 184 61 187
59 188 64 189
59 216 61 219
59 220 64 221
59 226 70 226
60 10 63 12
60 13 71 13
60 19 63 21
60 27 71 27
60 41 62 44
60 77 62 80
60 96 65 97
60 124 62 127
60 143 63 145
60 146 71 146
60 160 65 161
60 179 62 182
60 198 63 200
60 201 65 202
60 212 62 215
60 242 62 245
60 246 71 246
60 249 71 249
61 23 66 24
61 56 66 57
61 82 63 85
61 91 66 92
61 98 63 101
61 108 72 108
61 114 64 116
61 129 64 131
61 133 64 135
61 154 63 157
61 166 72 166
61 192 63 195
61 222 63 225
61 231 64 233
61 234 72 234
62 8 67 9
62 14 65 16
62 32 64 35
62 39 67 40
62 58 64 61
62 74 65 76
62 89 67 90
62 110 65 112
62 119 67 120
62 121 73 121
62 132 73 132
62 137 64 140
62 141 73 141
62 142 73 142
62 162 64 165
62 170 63 175
62 176 67 177
62 184 64 187
62 205 65 207
62 216 64 219
63 0 66 2
63 5 74 5
63 26 74 26
63 28 68 29
63 36 66 38
63 41 65 44
63 49 66 51
63 64 68 65
63 67 66 69
63 77 65 80
63 95 74 95
63 105 68 106
63 122 74 122
63 124 66 126
63 127 68 128
63 147 65 150
63 151 74 151
63 153 74 153
63 179 66 181
63 203 68 204
63 212 65 215
63 229 68 230
63 242 65 245
63 247 68 248
64 10 67 12
64 19 67 21
64 52 66 55
64 70 67 72
64 82 66 85
64 87 75 87
64 98 66 101
64 143 67 145
64 154 69 155
64 156 66 159
64 170 67 172
64 173 67 175
64 182 69 183
64 192 66 195
64 196 69 197
64 198 69 199
64 222 66 225
64 227 69 228
64 237 75 237
64 240 69 241
65 32 67 35
65 58 67 61
65 63 76 63
65 66 76 66
65 114 67 117
65 129 70 130
65 133 68 135
65 137 67 140
65 162 67 165
65 184 67 187
65 188 70 189
65 209 68 211
65 216 67 219
65 220 70 221
65 231 68 233
66 6 77 6
66 14 69 16
66 41 68 44
66 46 77 46
66 73 68 76
66 77 68 80
66 96 71 97
66 110 69 112
66 131 77 131
66 147 68 150
66 160 71 161
66 168 77 168
66 200 69 202
66 205 69 207
66 212 68 215
66 242 68 245
67 0 70 2
67 17 78 17
67 23 72 24
67 25 78 25
67 36 72 37
67 38 78 38
67 48 69 51
67 52 69 55
67 56 72 57
67 67 70 69
67 82 69 85
67 86 78 86
67 88 78 88
67 91 72 92
67 98 72 99
67 100 70 102
67 104 78 104
67 118 78 118
67 124 70 126
67 136 78 136
67 152 78 152
67 156 69 159
67 169 78 169
67 179 70 181
67 192 69 195
67 222 69 225
67 236 78 236
68 8 70 11
68 12 79 12
68 19 71 21
68 32 70 35
68 39 73 40
68 58 70 61
68 70 71 72
68 89 73 90
68 93 79 93
68 114 70 117
68 119 73 120
68 123 79 123
68 137 70 140
68 143 71 145
68 162 70 165
68 167 79 167
68 170 70 173
68 174 70 177
68 184 70 187
68 216 70 219
69 3 80 3
69 18 80 18
69 28 74 29
69 31 80 31
69 41 71 44
69 45 80 45
69 47 80 47
69 64 74 65
69 73 71 76
69 77 71 80
69 81 80 81
69 103 80 103
69 105 72 107
69 127 74 128
69 133 72 135
69 147 71 150
69 190 80 190
69 191 80 191
69 203 74 204
69 209 71 212
69 213 72 215
69 229 71 232
69 233 80 233
69 238 74 239
69 242 71 245
69 247 74 248
70 14 73 16
70 22 81 22
70 48 72 51
70 52 72 55
70 62 81 62
70 82 72 85
70 109 72 112
70 113 81 113
70 154 81 154
70 156 81 156
70 157 75 158
70 159 81 159
70 183 81 183
70 192 72 195
70 196 72 199
70 200 73 202
70 205 72 208
70 222 72 225
70 227 75 228
70 235 81 235
70 240 75 241
71 0 74 2
71 4 82 4
71 7 73 10
71 11 82 11
71 30 82 30
71 32 73 35
71 58 73 61
71 67 76 68
71 69 82 69
71 100 74 102
71 114 73 117
71 124 74 126
71 129 76 130
71 137 73 140
71 162 73 165
71 170 73 173
71 174 73 177
71 178 73 181
71 184 73 187
71 188 76 189
71 216 73 219
71 220 76 221
71 226 82 226
72 13 83 13
72 19 75 21
72 41 74 44
72 70 74 73
72 74 74 77
72 78 75 80
72 94 83 94
72 96 77 97
72 143 74 146
72 147 83 147
72 148 83 148
72 149 83 149
72 150 83 150
72 160 77 161
72 209 74 212
72 229 74 232
72 242 74 245
72 246 83 246
72 249 83 249
73 23 78 24
73 36 78 37
73 48 75 51
73 52 75 55
73 56 78 57
73 82 75 85
73 91 78 92
73 98 78 99
73 105 75 108
73 109 75 112
73 133 76 135
73 166 84 166
73 192 75 195
73 196 75 199
73 205 75 208
73 213 76 215
73 222 75 225
73 234 84 234
74 7 76 10
74 14 77 16
74 27 85 27
74 32 76 35
74 39 79 40
74 58 76 61
74 89 85 89
74 90 85 90
74 114 76 117
74 120 79 121
74 132 85 132
74 137 75 142
74 162 76 165
74 170 76 173
74 174 76 177
74 178 76 181
74 184 76 187
74 200 85 200
74 201 79 202
74 216 77 218
74 219 85 219
75 0 78 2
75 5 86 5
75 26 86 26
75 28 80 29
75 41 77 44
75 64 80 65
75 70 78 72
75 73 77 76
75 77 86 77
75 100 78 102
75 119 86 119
75 124 77 127
75 128 86 128
75 143 77 146
75 151 86 151
75 153 86 153
75 203 80 204
75 209 77 212
75 229 77 232
75 238 80 239
75 242 77 245
75 247 80 248
76 19 79 21
76 48 78 51
76 52 78 55
76 78 79 80
76 82 79 84
76 105 78 108
76 109 78 112
76 122 87 122
76 137 78 140
76 141 81 142
76 155 87 155
76 157 81 158
76 192 78 195
76 196 78 199
76 205 79 207
76 208 87 208
76 222 78 225
76 227 81 228
76 237 87 237
77 7 79 10
77 32 79 35
77 58 79 61
77 63 88 63
77 66 80 68
77 114 80 116
77 129 82 130
77 133 82 134
77 135 88 135
77 162 79 165
77 170 80 172
77 173 79 176
77 177 79 180
77 181 88 181
77 184 79 187
77 188 82 189
77 213 88 213
77 214 88 214
77 215 88 215
77 220 82 221
78 6 89 6
78 14 81 16
78 41 80 44
78 46 89 46
78 73 80 76
78 85 89 85
78 95 81 97
78 124 80 127
78 131 89 131
78 143 80 146
78 168 89 168
78 209 80 212
78 216 81 218
78 229 80 232
78 240 80 243
78 244 83 245
79 0 82 2
79 17 90 17
79 23 82 25
79 36 82 38
79 48 81 51
79 52 81 55
79 56 84 57
79 70 84 71
79 86 82 88
79 91 84 92
79 98 81 101
79 104 81 107
79 108 81 111
79 112 90 112
79 117 90 117
79 118 90 118
79 136 81 139
79 140 90 140
79 152 90 152
79 160 84 161
79 169 90 169
79 192 81 195
79 196 82 198
79 199 90 199
79 222 81 225
79 236 90 236
80 7 82 10
80 19 83 21
80 33 83 35
80 39 85 40
80 58 82 61
80 72 91 72
80 78 83 80
80 82 83 84
80 93 91 93
80 121 91 121
80 123 91 123
80 162 82 165
80 167 91 167
80 173 82 176
80 177 82 180
80 184 91 184
80 186 91 186
80 187 91 187
80 201 85 202
80 205 83 207
81 18 92 18
81 28 86 29
81 31 92 31
81 41 83 44
81 47 92 47
81 64 83 67
81 73 83 76
81 81 92 81
81 102 86 103
81 114 86 115
81 116 92 116
81 124 86 125
81 126 86 127
81 143 83 146
81 170 86 171
81 172 92 172
81 182 92 182
81 190 86 191
81 203 86 204
81 209 83 212
81 229 83 232
81 238 83 241
81 242 92 242
81 247 86 248
82 14 85 16
82 22 93 22
82 48 84 51
82 52 84 55
82 62 93 62
82 95 84 98
82 99 85 101
82 104 84 107
82 108 85 110
82 111 93 111
82 113 93 113
82 136 84 139
82 141 87 142
82 154 93 154
82 156 84 159
82 183 93 183
82 192 84 195
82 216 85 218
82 222 93 222
82 223 93 223
82 224 93 224
82 225 93 225
82 227 87 228
82 233 93 233
82 235 93 235
83 0 85 3
83 4 94 4
83 7 85 10
83 11 88 12
83 23 86 25
83 30 94 30
83 36 86 38
83 58 85 61
83 68 88 69
83 86 86 88
83 129 88 130
83 133 88 134
83 162 85 165
83 173 85 176
83 177 85 180
83 188 88 189
83 196 86 198
83 220 88 221
83 226 94 226
83 243 94 243
84 19 87 21
84 32 86 35
84 41 86 44
84 45 95 45
84 64 86 67
84 73 86 76
84 78 87 80
84 82 87 84
84 94 95 94
84 143 85 148
84 149 89 150
84 185 95 185
84 205 87 207
84 209 86 212
84 229 86 232
84 238 86 241
84 244 87 246
85 13 96 13
85 48 87 51
85 52 87 55
85 56 90 57
85 70 90 71
85 91 90 92
85 95 87 98
85 104 87 107
85 120 96 120
85 136 87 139
85 156 87 159
85 160 96 160
85 161 96 161
85 166 96 166
85 192 87 195
85 234 96 234
86 0 88 3
86 7 88 10
86 14 89 16
86 27 97 27
86 39 91 40
86 58 88 61
86 89 91 90
86 99 89 101
86 108 89 110
86 132 97 132
86 143 88 146
86 147 91 148
86 162 88 165
86 173 88 176
86 177 88 180
86 200 89 202
86 216 88 219
86 249 97 249
87 5 98 5
87 23 89 26
87 28 92 29
87 32 89 35
87 36 90 38
87 41 89 44
87 64 89 67
87 73 89 76
87 77 98 77
87 86 90 88
87 102 92 103
87 114 92 115
87 119 98 119
87 124 89 127
87 128 98 128
87 151 98 151
87 153 98 153
87 170 92 171
87 190 92 191
87 196 90 198
87 203 92 204
87 209 89 212
87 229 89 232
87 238 89 241
87 247 92 248
88 19 91 21
88 48 90 51
88 52 90 55
88 78 91 80
88 82 91 84
88 95 90 98
88 104 90 107
88 122 99 122
88 136 90 139
88 141 99 141
88 142 99 142
88 155 90 158
88 159 99 159
88 192 93 193
88 194 93 195
88 205 91 207
88 208 99 208
88 227 99 227
88 228 99 228
88 237 99 237
88 244 91 246
89 0 91 3
89 7 91 10
89 11 100 11
89 12 100 12
89 58 91 61
89 63 100 63
89 68 94 69
89 129 94 130
89 133 92 135
89 143 91 146
89 162 91 165
89 173 91 176
89 177 91 180
89 181 100 181
89 188 94 189
89 213 91 216
89 217 91 220
89 221 100 221
90 6 101 6
90 14 93 16
90 23 92 26
90 32 92 35
90 41 95 42
90 46 101 46
90 64 92 67
90 73 92 76
90 85 101 85
90 99 93 101
90 108 93 110
90 124 92 127
90 131 101 131
90 149 95 150
90 168 101 168
90 200 93 202
90 209 92 212
90 229 95 230
90 232 101 232
90 238 92 241
91 17 102 17
91 36 94 38
91 48 93 51
91 52 93 55
91 56 96 57
91 70 96 71
91 86 94 88
91 91 96 92
91 95 93 98
91 104 93 107
91 112 102 112
91 117 96 118
91 136 93 139
91 140 102 140
91 152 102 152
91 155 93 158
91 169 102 169
91 196 93 199
91 231 102 231
91 236 102 236
92 0 94 3
92 7 94 10
92 19 95 21
92 39 103 39
92 40 103 40
92 43 97 44
92 58 94 61
92 72 103 72
92 78 95 80
92 82 95 84
92 89 103 89
92 90 103 90
92 93 103 93
92 123 103 123
92 143 97 144
92 145 94 148
92 162 94 165
92 167 103 167
92 173 94 176
92 177 94 180
92 186 103 186
92 187 103 187
92 205 95 207
92 213 94 216
92 217 95 219
92 244 95 246
93 23 95 26
93 28 98 29
93 31 95 34
93 35 104 35
93 47 104 47
93 64 95 67
93 73 95 76
93 102 98 103
93 114 96 116
93 124 95 127
93 133 96 135
93 170 96 172
93 182 104 182
93 184 104 184
93 190 98 191
93 203 98 204
93 209 95 212
93 238 104 238
93 239 98 240
93 241 98 242
93 247 98 248
94 14 99 15
94 16 105 16
94 22 105 22
94 48 96 51
94 52 96 55
94 62 105 62
94 95 96 98
94 99 99 100
94 101 105 101
94 104 96 107
94 108 96 111
94 136 96 139
94 154 96 157
94 183 105 183
94 192 96 195
94 196 96 199
94 200 97 202
94 220 105 220
94 222 96 225
94 233 105 233
94 235 105 235
95 0 97 3
95 4 106 4
95 7 98 9
95 10 106 10
95 30 106 30
95 36 98 38
95 58 97 61
95 68 100 69
95 86 98 88
95 129 100 130
95 145 97 148
95 158 106 158
95 162 97 165
95 173 96 178
95 179 100 180
95 188 100 189
95 213 97 216
95 226 106 226
95 243 106 243
96 18 99 20
96 23 98 26
96 31 98 34
96 41 101 42
96 45 107 45
96 64 98 67
96 73 98 76
96 78 99 80
96 81 98 84
96 94 107 94
96 124 98 127
96 149 101 150
96 185 107 185
96 205 99 207
96 209 98 212
96 217 99 219
96 229 101 230
96 244 99 246
97 13 108 13
97 48 99 51
97 52 100 54
97 55 100 57
97 70 108 70
97 71 108 71
97 91 102 92
97 95 99 98
97 104 99 107
97 108 102 109
97 110 102 111
97 113 102 114
97 115 108 115
97 116 108 116
97 117 102 118
97 120 102 121
97 133 99 136
97 137 100 139
97 154 99 157
97 160 102 161
97 166 108 166
97 170 99 173
97 174 99 177
97 178 108 178
97 192 99 195
97 196 99 199
97 222 99 225
97 234 108 234
98 0 100 3
98 27 109 27
98 43 109 43
98 44 109 44
98 58 100 61
98 132 109 132
98 143 100 146
98 147 103 148
98 162 100 165
98 200 101 202
98 213 100 216
99 5 110 5
99 7 102 9
99 23 101 26
99 29 110 29
99 31 101 34
99 36 102 38
99 64 101 67
99 73 101 76
99 77 110 77
99 81 101 84
99 86 102 88
99 102 110 102
99 103 110 103
99 119 110 119
99 124 101 127
99 128 110 128
99 151 110 151
99 153 110 153
99 190 104 191
99 203 104 204
99 209 101 212
99 239 102 241
99 247 102 249
100 14 105 15
100 18 102 21
100 28 111 28
100 48 103 50
100 51 111 51
100 78 103 80
100 95 102 98
100 99 105 100
100 104 102 107
100 122 111 122
100 134 103 136
100 141 105 142
100 154 102 157
100 170 102 173
100 174 105 175
100 176 105 177
100 192 103 194
100 195 102 198
100 199 111 199
100 205 103 207
100 208 111 208
100 217 103 219
100 222 103 224
100 225 111 225
100 227 105 228
100 237 111 237
100 242 111 242
100 244 103 246
101 0 103 3
101 11 106 12
101 52 103 55
101 56 103 59
101 60 106 61
101 63 112 63
101 68 106 69
101 129 106 130
101 137 104 139
101 143 103 146
101 162 106 163
101 164 112 164
101 165 112 165
101 179 104 181
101 188 106 189
101 213 104 215
102 6 113 6
102 23 105 25
102 26 113 26
102 31 104 34
102 41 107 42
102 46 113 46
102 64 105 66
102 73 104 76
102 81 105 83
102 84 107 85
102 124 105 126
102 127 113 127
102 131 113 131
102 149 107 150
102 168 113 168
102 200 105 202
102 209 104 212
102 221 113 221
102 229 107 230
103 7 106 9
103 17 105 20
103 21 114 21
103 36 106 38
103 86 106 88
103 91 108 92
103 95 105 98
103 104 105 107
103 108 105 111
103 112 106 114
103 117 114 117
103 120 108 121
103 133 114 133
103 140 114 140
103 152 114 152
103 154 105 157
103 160 108 161
103 169 105 172
103 173 114 173
103 195 105 198
103 231 108 232
103 236 114 236
103 239 106 241
103 247 106 249
104 0 106 3
104 39 109 40
104 48 107 50
104 52 107 54
104 55 106 58
104 59 115 59
104 72 115 72
104 78 107 80
104 89 109 90
104 93 115 93
104 123 115 123
104 134 107 136
104 143 106 146
104 147 115 147
104 167 115 167
104 186 109 187
104 192 107 194
104 205 107 207
104 216 109 217
104 218 115 218
104 222 107 224
104 244 107 246
105 31 107 34
105 35 116 35
105 47 116 47
105 73 110 74
105 75 116 75
105 76 116 76
105 137 108 139
105 179 107 182
105 184 116 184
105 190 110 191
105 203 110 204
105 209 107 212
105 213 108 215
105 219 116 219
106 14 107 19
106 20 117 20
106 22 108 25
106 62 117 62
106 64 117 64
106 65 117 65
106 66 111 67
106 81 109 83
106 95 108 98
106 99 109 101
106 104 108 107
106 108 108 111
106 124 109 126
106 141 111 142
106 154 108 157
106 169 109 171
106 172 117 172
106 174 108 177
106 183 117 183
106 195 108 198
106 200 109 202
106 220 117 220
106 227 111 228
106 233 117 233
106 235 117 235
107 0 109 3
107 4 118 4
107 7 109 10
107 30 118 30
107 36 112 37
107 55 109 58
107 60 112 61
107 68 112 69
107 86 110 88
107 112 110 114
107 118 118 118
107 129 112 130
107 143 109 146
107 158 112 159
107 162 118 162
107 163 118 163
107 188 112 189
107 226 118 226
107 238 109 241
107 243 118 243
107 247 112 248
108 11 119 11
108 14 110 17
108 18 113 19
108 31 110 34
108 41 113 42
108 45 119 45
108 48 111 50
108 52 111 54
108 78 111 80
108 84 113 85
108 94 119 94
108 134 113 135
108 136 119 136
108 149 113 150
108 179 110 182
108 185 119 185
108 192 111 194
108 205 111 207
108 209 110 212
108 222 111 224
108 229 113 230
108 244 111 246
108 249 119 249
109 13 120 13
109 22 111 25
109 38 120 38
109 70 114 71
109 91 114 92
109 95 111 98
109 104 112 106
109 107 111 110
109 111 120 111
109 115 114 116
109 120 114 121
109 137 112 139
109 154 111 157
109 160 114 161
109 166 120 166
109 174 114 175
109 176 114 177
109 178 120 178
109 195 111 198
109 213 112 215
109 231 120 231
110 0 112 3
110 7 112 10
110 27 121 27
110 39 115 40
110 43 115 44
110 55 112 58
110 81 113 83
110 89 121 89
110 99 113 101
110 124 113 126
110 132 121 132
110 143 112 146
110 148 121 148
110 169 113 171
110 186 115 187
110 200 115 201
110 202 121 202
110 216 115 217
110 232 121 232
110 238 112 241
111 5 122 5
111 14 113 17
111 29 122 29
111 31 113 34
111 73 116 74
111 77 122 77
111 86 114 88
111 102 116 103
111 112 114 114
111 119 122 119
111 128 122 128
111 151 122 151
111 153 122 153
111 179 113 182
111 190 116 191
111 203 116 204
111 209 113 212
112 22 114 25
112 48 117 49
112 50 114 53
112 54 123 54
112 66 117 67
112 78 115 80
112 95 114 98
112 107 117 108
112 110 123 110
112 122 123 122
112 154 114 157
112 192 117 193
112 194 115 196
112 197 115 199
112 205 114 208
112 222 117 223
112 224 117 225
112 227 117 228
112 237 123 237
112 242 123 242
112 244 115 246
113 0 115 3
113 7 115 10
113 36 118 37
113 55 115 58
113 60 118 61
113 63 124 63
113 68 124 68
113 69 124 69
113 104 116 106
113 109 124 109
113 129 118 130
113 137 116 139
113 141 116 143
113 144 116 146
113 158 118 159
113 164 124 164
113 165 124 165
113 188 118 189
113 213 118 214
113 215 124 215
113 234 124 234
113 238 115 241
113 247 118 248
114 6 125 6
114 14 117 16
114 17 117 19
114 26 125 26
114 28 125 28
114 31 116 34
114 41 119 42
114 46 125 46
114 81 116 84
114 85 125 85
114 99 117 101
114 124 116 127
114 131 125 131
114 134 119 135
114 149 125 149
114 150 125 150
114 168 119 169
114 170 119 171
114 179 116 182
114 209 116 212
114 221 125 221
114 229 119 230
115 21 117 24
115 25 126 25
115 50 117 53
115 71 126 71
115 86 118 88
115 90 118 92
115 95 117 98
115 112 117 115
115 116 120 117
115 120 120 121
115 133 126 133
115 140 126 140
115 152 126 152
115 154 117 157
115 160 120 161
115 173 117 176
115 205 117 208
115 236 126 236
116 0 118 3
116 7 119 9
116 10 127 10
116 39 121 40
116 43 121 44
116 55 118 58
116 72 127 72
116 78 119 80
116 93 127 93
116 123 127 123
116 147 127 147
116 167 127 167
116 177 127 177
116 186 121 187
116 194 118 197
116 198 119 200
116 201 127 201
116 216 119 218
116 238 118 241
116 244 119 246
117 31 119 34
117 35 128 35
117 47 128 47
117 73 119 76
117 81 119 84
117 102 119 105
117 106 128 106
117 124 120 126
117 127 128 127
117 137 120 139
117 141 120 143
117 144 120 146
117 179 119 182
117 190 122 191
117 203 122 204
117 209 119 212
117 219 128 219
118 14 120 17
118 18 121 20
118 21 120 24
118 48 119 53
118 59 129 59
118 62 129 62
118 64 120 67
118 95 120 98
118 99 121 101
118 107 123 108
118 112 121 114
118 115 129 115
118 154 120 157
118 172 120 175
118 176 129 176
118 183 123 184
118 192 123 193
118 205 120 208
118 220 129 220
118 222 120 225
118 227 123 228
118 233 129 233
118 235 129 235
119 0 121 3
119 4 130 4
119 30 130 30
119 36 124 37
119 55 121 58
119 60 124 61
119 86 122 88
119 90 122 92
119 118 130 118
119 129 124 130
119 158 124 159
119 162 124 163
119 188 130 188
119 189 130 189
119 194 121 197
119 213 124 214
119 226 130 226
119 238 121 241
119 243 130 243
119 247 124 248
120 7 125 8
120 9 131 9
120 11 125 12
120 31 125 32
120 34 131 34
120 41 131 41
120 42 131 42
120 45 131 45
120 48 122 51
120 52 125 53
120 73 122 76
120 78 122 81
120 82 123 84
120 94 131 94
120 102 122 105
120 134 123 136
120 168 122 171
120 179 122 182
120 185 131 185
120 198 123 200
120 209 122 212
120 216 123 218
120 229 125 230
120 244 125 245
120 249 131 249
121 13 123 16
121 21 123 24
121 38 132 38
121 64 123 67
121 95 123 98
121 111 132 111
121 116 126 117
121 120 126 121
121 124 124 126
121 137 126 138
121 139 132 139
121 141 123 144
121 145 126 146
121 154 123 157
121 160 126 161
121 172 123 175
121 178 132 178
121 205 124 207
121 208 132 208
121 222 123 225
121 231 132 231
122 0 125 2
122 3 133 3
122 17 124 20
122 27 133 27
122 39 127 40
122 43 127 44
122 55 133 55
122 56 133 56
122 57 127 58
122 70 133 70
122 89 133 89
122 99 125 101
122 112 125 114
122 132 133 132
122 148 133 148
122 186 127 187
122 194 125 196
122 202 133 202
122 232 133 232
122 238 124 241
123 5 134 5
123 29 134 29
123 48 125 51
123 73 125 76
123 77 125 80
123 86 126 88
123 90 126 92
123 102 125 105
123 119 134 119
123 151 134 151
123 168 125 171
123 179 125 182
123 190 128 191
123 203 128 204
123 209 125 212
123 246 134 246
124 13 126 16
124 21 135 21
124 22 127 24
124 54 135 54
124 64 126 67
124 81 126 84
124 95 126 98
124 107 129 108
124 122 135 122
124 128 135 128
124 134 127 136
124 141 126 144
124 153 126 156
124 157 135 157
124 172 126 175
124 183 129 184
124 192 129 193
124 197 127 199
124 200 135 200
124 216 127 218
124 222 126 225
124 227 129 228
124 237 135 237
125 17 127 20
125 36 130 37
125 60 130 61
125 63 136 63
125 68 130 69
125 109 130 110
125 124 128 126
125 129 130 130
125 158 130 159
125 162 127 165
125 166 136 166
125 205 128 207
125 213 128 215
125 234 136 234
125 238 127 241
125 242 136 242
125 247 136 247
125 248 136 248
126 0 129 2
126 6 129 8
126 11 131 12
126 26 137 26
126 28 137 28
126 31 131 32
126 46 137 46
126 48 128 51
126 52 131 53
126 73 128 76
126 77 129 79
126 80 137 80
126 85 137 85
126 99 128 102
126 103 131 104
126 112 129 114
126 131 137 131
126 149 131 150
126 168 128 171
126 179 128 182
126 194 129 196
126 209 128 212
126 221 137 221
126 230 137 230
126 244 131 245
127 13 129 16
127 25 138 25
127 64 129 67
127 71 138 71
127 81 130 83
127 84 138 84
127 86 130 88
127 90 130 92
127 95 129 98
127 105 138 105
127 116 132 117
127 120 132 121
127 133 138 133
127 137 132 138
127 140 130 142
127 143 129 146
127 152 129 155
127 156 138 156
127 160 132 161
127 172 129 175
127 222 129 225
127 229 138 229
127 236 138 236
128 10 139 10
128 17 130 20
128 22 139 22
128 23 133 24
128 39 133 40
128 43 133 44
128 57 133 58
128 72 139 72
128 93 139 93
128 134 131 136
128 147 139 147
128 162 130 165
128 167 139 167
128 177 139 177
128 186 133 187
128 197 131 199
128 201 139 201
128 216 131 218
128 238 130 241
129 35 140 35
129 47 131 50
129 51 140 51
129 73 140 73
129 74 134 75
129 76 140 76
129 99 131 102
129 106 140 106
129 123 131 126
129 168 131 171
129 179 131 182
129 190 134 191
129 203 131 206
129 207 140 207
129 209 131 212
129 213 132 215
129 219 140 219
130 0 133 2
130 6 133 8
130 13 133 15
130 16 141 16
130 59 141 59
130 62 141 62
130 64 132 67
130 77 133 79
130 95 132 98
130 107 135 108
130 112 135 113
130 114 141 114
130 143 132 146
130 152 132 155
130 172 133 174
130 175 135 176
130 183 135 184
130 192 135 193
130 194 133 196
130 220 141 220
130 222 132 225
130 227 135 228
130 235 141 235
131 4 142 4
131 17 134 19
131 20 142 20
131 30 142 30
131 36 136 37
131 60 136 61
131 68 142 68
131 69 142 69
131 86 134 88
131 90 134 92
131 109 136 110
131 118 142 118
131 127 142 127
131 129 136 130
131 140 134 142
131 158 136 159
131 162 133 165
131 188 136 189
131 226 142 226
131 238 133 241
131 243 142 243
132 9 143 9
132 11 137 12
132 31 134 34
132 41 137 42
132 45 143 45
132 47 134 50
132 52 137 53
132 82 137 83
132 94 143 94
132 99 134 102
132 103 137 104
132 123 134 126
132 134 135 136
132 149 137 150
132 168 134 171
132 179 134 182
132 185 143 185
132 197 137 198
132 199 143 199
132 203 143 203
132 204 135 206
132 209 134 212
132 216 135 218
132 244 137 245
132 249 143 249
133 38 144 38
133 64 135 67
133 95 135 98
133 115 138 116
133 117 144 117
133 121 144 121
133 137 136 139
133 143 138 144
133 146 144 146
133 152 138 153
133 154 138 155
133 160 138 161
133 178 144 178
133 208 144 208
133 213 136 215
133 222 135 225
133 231 144 231
134 0 136 3
134 6 139 7
134 8 145 8
134 13 137 15
134 23 139 24
134 27 145 27
134 39 139 40
134 43 139 44
134 55 136 58
134 70 145 70
134 77 137 79
134 89 145 89
134 120 145 120
134 132 145 132
134 148 145 148
134 162 136 165
134 172 137 174
134 186 139 187
134 194 137 196
134 202 145 202
134 232 139 233
134 238 136 241
135 5 146 5
135 17 138 19
135 29 146 29
135 31 137 34
135 47 138 49
135 50 146 50
135 74 140 75
135 86 138 88
135 90 138 92
135 99 137 102
135 123 138 125
135 126 146 126
135 140 138 142
135 151 146 151
135 168 138 170
135 171 146 171
135 179 137 182
135 190 140 191
135 209 137 212
135 246 146 246
136 54 147 54
136 64 139 66
136 67 147 67
136 95 138 98
136 107 141 108
136 111 139 113
136 119 147 119
136 122 147 122
136 128 147 128
136 134 139 136
136 175 141 176
136 183 141 184
136 192 147 192
136 200 147 200
136 204 139 206
136 216 139 218
136 222 138 225
136 227 141 228
137 0 139 3
137 21 148 21
137 36 142 37
137 55 139 58
137 60 142 61
137 63 148 63
137 109 142 110
137 129 142 130
137 137 140 139
137 157 140 159
137 162 139 165
137 166 148 166
137 188 142 189
137 193 148 193
137 213 140 215
137 234 148 234
137 237 139 240
137 241 142 242
137 247 142 248
138 11 140 14
138 15 149 15
138 26 149 26
138 31 140 34
138 41 143 42
138 46 149 46
138 52 149 52
138 53 149 53
138 77 140 80
138 82 149 82
138 83 149 83
138 85 149 85
138 99 143 100
138 101 143 102
138 103 149 103
138 104 149 104
138 131 149 131
138 149 143 150
138 172 141 174
138 179 140 182
138 194 140 197
138 198 149 198
138 209 140 212
138 221 149 221
138 230 149 230
138 244 143 245
139 17 142 19
139 25 150 25
139 47 142 49
139 84 150 84
139 86 142 88
139 90 142 92
139 95 141 98
139 105 150 105
139 115 144 116
139 123 142 125
139 133 150 133
139 140 141 143
139 144 144 145
139 152 141 155
139 160 144 161
139 168 150 168
139 169 144 170
139 222 141 225
139 229 150 229
139 236 150 236
140 0 142 3
140 6 145 7
140 10 151 10
140 22 143 24
140 39 145 40
140 43 145 44
140 55 142 58
140 64 143 66
140 72 151 72
140 93 151 93
140 111 143 113
140 134 143 136
140 147 151 147
140 162 142 165
140 167 151 167
140 177 151 177
140 186 151 186
140 187 151 187
140 201 151 201
140 204 143 206
140 216 143 218
140 232 145 233
140 237 142 240
141 11 143 14
141 31 143 34
141 51 152 51
141 73 143 76
141 77 143 80
141 106 152 106
141 137 144 139
141 156 143 159
141 179 143 182
141 190 146 191
141 194 144 196
141 209 142 214
141 215 152 215
141 219 152 219
142 16 153 16
142 59 153 59
142 62 153 62
142 81 153 81
142 95 144 98
142 107 147 108
142 114 153 114
142 140 144 143
142 152 144 155
142 172 144 175
142 176 153 176
142 183 147 184
142 220 153 220
142 222 153 222
142 223 145 225
142 227 147 228
142 235 153 235
143 0 145 3
143 4 154 4
143 17 145 20
143 28 154 28
143 30 154 30
143 35 148 36
143 37 154 37
143 47 146 49
143 55 145 58
143 60 148 61
143 68 148 69
143 86 146 88
143 90 154 90
143 91 154 91
143 92 154 92
143 109 148 110
143 118 154 118
143 124 148 125
143 127 154 127
143 130 154 130
143 162 146 164
143 165 154 165
143 188 154 188
143 189 154 189
143 209 148 210
143 211 145 214
143 226 154 226
143 237 145 240
143 241 146 243
143 247 148 248
144 9 155 9
144 11 146 14
144 22 147 24
144 31 146 34
144 41 149 42
144 45 155 45
144 64 147 66
144 73 146 76
144 77 146 80
144 94 155 94
144 99 146 102
144 111 147 113
144 123 155 123
144 129 155 129
144 134 147 136
144 149 149 150
144 157 147 159
144 179 146 182
144 185 155 185
144 199 155 199
144 203 146 206
144 207 155 207
144 216 147 218
144 245 155 245
144 249 155 249
145 38 156 38
145 95 147 98
145 115 148 117
145 121 156 121
145 137 147 140
145 141 147 144
145 145 150 146
145 152 147 155
145 160 150 161
145 169 156 169
145 172 147 175
145 178 156 178
145 194 147 197
145 208 156 208
146 0 148 3
146 6 149 8
146 17 148 20
146 27 157 27
146 39 151 40
146 43 151 44
146 55 157 55
146 56 149 58
146 70 151 71
146 89 157 89
146 132 157 132
146 148 157 148
146 202 157 202
146 211 148 214
146 223 149 225
146 231 149 233
146 237 148 240
147 5 158 5
147 11 149 14
147 29 158 29
147 31 149 34
147 47 149 50
147 73 152 74
147 75 152 76
147 77 149 80
147 86 152 87
147 88 158 88
147 99 149 102
147 126 158 126
147 151 158 151
147 162 150 164
147 170 152 171
147 179 149 182
147 190 152 191
147 203 149 206
147 241 152 242
147 243 158 243
147 246 158 246
148 22 151 24
148 64 151 66
148 67 159 67
148 95 150 98
148 107 153 108
148 111 151 113
148 119 153 120
148 122 159 122
148 128 159 128
148 134 150 137
148 138 150 141
148 142 151 144
148 152 150 155
148 156 150 159
148 172 151 174
148 175 159 175
148 183 153 184
148 192 159 192
148 194 150 197
148 200 159 200
148 216 151 218
148 227 153 228
149 0 151 3
149 17 152 19
149 20 154 21
149 35 154 36
149 54 160 54
149 60 154 61
149 63 160 63
149 68 154 69
149 109 160 109
149 110 160 110
149 115 152 117
149 124 154 125
149 166 160 166
149 193 160 193
149 209 151 212
149 214 160 214
149 234 160 234
149 237 151 240
149 247 154 248
150 6 153 8
150 11 152 14
150 15 161 15
150 26 161 26
150 31 152 34
150 41 155 42
150 46 152 49
150 50 161 50
150 52 155 53
150 56 153 58
150 78 153 80
150 82 155 83
150 85 161 85
150 99 152 102
150 103 155 104
150 131 161 131
150 149 155 150
150 179 155 180
150 181 155 182
150 198 161 198
150 203 152 206
150 221 161 221
150 223 155 224
150 225 161 225
150 230 152 233
150 244 161 244
151 25 162 25
151 84 162 84
151 95 153 98
151 105 162 105
151 133 153 136
151 137 153 140
151 141 162 141
151 145 156 146
151 152 153 155
151 156 154 158
151 159 153 162
151 163 156 164
151 168 162 168
151 194 153 197
151 213 162 213
151 229 162 229
151 236 162 236
152 0 154 3
152 10 163 10
152 22 155 24
152 39 157 40
152 43 157 44
152 64 155 66
152 70 155 72
152 93 163 93
152 111 155 113
152 142 155 144
152 147 163 147
152 167 163 167
152 172 155 174
152 177 163 177
152 186 157 187
152 201 163 201
152 209 154 212
152 216 155 218
152 237 154 240
153 11 155 14
153 17 156 19
153 31 155 34
153 46 155 49
153 51 164 51
153 73 156 75
153 76 158 77
153 86 158 87
153 99 155 102
153 106 164 106
153 115 156 117
153 170 158 171
153 190 158 191
153 203 155 206
153 215 164 215
153 219 164 219
153 230 155 233
153 241 158 242
154 6 157 8
154 56 156 59
154 62 165 62
154 78 156 81
154 95 156 98
154 107 159 108
154 114 165 114
154 119 159 120
154 133 156 136
154 137 156 140
154 152 156 155
154 159 156 162
154 176 165 176
154 183 159 184
154 194 156 197
154 220 165 220
154 222 165 222
154 227 159 228
154 235 165 235
155 0 157 3
155 4 166 4
155 16 166 16
155 20 160 21
155 30 166 30
155 35 158 37
155 60 166 60
155 61 166 61
155 68 160 69
155 92 166 92
155 124 166 124
155 125 166 125
155 127 166 127
155 130 166 130
155 156 158 158
155 165 166 165
155 188 160 189
155 209 157 212
155 226 166 226
155 237 160 238
155 239 160 240
155 247 160 248
156 9 167 9
156 11 158 14
156 22 159 24
156 31 158 34
156 41 167 41
156 45 158 48
156 49 167 49
156 52 161 53
156 64 159 66
156 70 159 72
156 82 161 83
156 94 167 94
156 99 158 102
156 103 167 103
156 104 167 104
156 111 159 113
156 129 167 129
156 142 159 144
156 149 161 150
156 172 159 174
156 179 158 182
156 185 167 185
156 199 167 199
156 203 158 206
156 207 167 207
156 216 161 217
156 218 167 218
156 224 167 224
156 230 158 233
156 245 167 245
156 249 167 249
157 17 160 19
157 38 168 38
157 56 159 59
157 73 162 74
157 75 168 75
157 78 159 81
157 91 168 91
157 95 159 98
157 115 162 116
157 117 162 118
157 121 168 121
157 133 159 136
157 137 159 140
157 145 162 146
157 152 159 155
157 159 159 162
157 163 162 164
157 169 168 169
157 178 168 178
157 194 159 197
157 208 168 208
158 1 169 1
158 2 169 2
158 3 169 3
158 6 161 8
158 27 163 28
158 39 163 40
158 42 161 44
158 55 169 55
158 89 163 90
158 132 169 132
158 148 169 148
158 187 169 187
158 202 169 202
158 209 160 212
158 223 169 223
159 5 170 5
159 11 161 14
159 31 161 34
159 35 162 37
159 45 161 48
159 76 164 77
159 86 162 88
159 99 170 99
159 100 162 102
159 126 170 126
159 151 170 151
159 156 164 157
159 158 170 158
159 170 164 171
159 179 161 182
159 186 170 186
159 190 164 191
159 203 161 206
159 230 161 233
159 241 162 243
159 246 170 246
160 0 171 0
160 22 163 24
160 56 162 59
160 64 162 67
160 70 163 72
160 78 162 81
160 95 162 98
160 107 165 108
160 111 163 113
160 119 165 120
160 122 165 123
160 128 171 128
160 133 162 136
160 137 162 140
160 142 163 144
160 152 162 155
160 159 162 162
160 172 162 175
160 183 165 184
160 192 171 192
160 194 162 197
160 227 165 228
161 17 163 20
161 21 172 21
161 54 172 54
161 63 172 63
161 68 166 69
161 109 166 110
161 166 172 166
161 188 166 189
161 193 172 193
161 200 172 200
161 209 163 212
161 214 172 214
161 234 172 234
161 237 163 240
161 247 166 248
162 6 165 8
162 11 164 14
162 15 173 15
162 26 173 26
162 31 164 34
162 42 173 42
162 43 164 46
162 47 173 47
162 48 173 48
162 50 173 50
162 52 167 53
162 82 173 82
162 83 173 83
162 85 173 85
162 131 173 131
162 149 167 150
162 179 164 182
162 198 173 198
162 203 164 206
162 216 167 217
162 221 173 221
162 225 173 225
162 230 165 232
162 244 173 244
163 25 174 25
163 29 174 29
163 35 166 37
163 56 165 59
163 64 165 67
163 73 168 74
163 78 165 81
163 84 174 84
163 86 166 88
163 95 165 98
163 100 166 102
163 105 174 105
163 115 165 118
163 133 165 136
163 137 165 140
163 141 174 141
163 145 168 146
163 152 165 155
163 159 165 162
163 163 168 164
163 168 174 168
163 172 165 175
163 194 165 197
163 213 174 213
163 229 174 229
163 236 174 236
163 241 166 243
164 17 166 20
164 22 167 24
164 27 169 28
164 39 169 40
164 70 167 72
164 89 169 90
164 93 175 93
164 111 167 113
164 142 167 144
164 147 175 147
164 167 175 167
164 177 175 177
164 209 166 212
164 237 166 240
165 10 167 13
165 31 167 34
165 43 167 46
165 51 176 51
165 76 170 77
165 106 176 106
165 156 170 157
165 170 170 171
165 179 167 182
165 190 170 191
165 201 176 201
165 203 167 206
165 215 176 215
165 219 176 219
165 233 176 233
166 6 169 8
166 56 168 59
166 62 177 62
166 64 168 67
166 78 177 78
166 79 169 81
166 95 168 98
166 107 171 108
166 114 168 117
166 118 169 120
166 122 171 123
166 134 171 135
166 136 177 136
166 137 168 140
166 152 168 155
166 159 168 162
166 172 168 175
166 176 177 176
166 183 171 184
166 194 171 195
166 197 177 197
166 220 177 220
166 222 177 222
166 227 171 228
166 230 169 232
166 235 177 235
167 4 178 4
167 16 169 19
167 30 178 30
167 35 170 37
167 60 172 61
167 68 172 69
167 86 170 88
167 92 178 92
167 100 170 102
167 125 178 125
167 127 178 127
167 130 178 130
167 165 178 165
167 188 172 189
167 196 178 196
167 209 169 212
167 226 178 226
167 237 169 240
167 241 170 243
167 247 178 247
167 248 178 248
168 9 170 12
168 13 179 13
168 22 171 24
168 31 170 34
168 43 170 46
168 49 179 49
168 52 173 53
168 70 171 72
168 94 179 94
168 103 173 104
168 110 170 113
168 133 179 133
168 142 171 144
168 149 173 150
168 179 171 181
168 182 179 182
168 185 179 185
168 199 179 199
168 203 170 206
168 207 179 207
168 216 171 218
168 224 179 224
168 249 179 249
169 38 180 38
169 41 180 41
169 56 171 59
169 64 171 67
169 73 172 75
169 91 180 91
169 95 171 98
169 114 172 116
169 117 180 117
169 121 180 121
169 129 180 129
169 137 171 140
169 145 174 146
169 152 171 155
169 159 172 161
169 162 172 164
169 172 171 175
169 178 180 178
170 1 173 3
170 6 173 8
170 16 172 19
170 27 175 28
170 39 181 39
170 40 181 40
170 55 181 55
170 79 173 81
170 89 175 90
170 118 173 120
170 124 181 124
170 148 181 148
170 169 181 169
170 187 181 187
170 202 181 202
170 208 172 211
170 212 181 212
170 223 181 223
170 230 173 232
170 237 172 240
171 9 173 12
171 14 182 14
171 20 182 20
171 31 173 34
171 35 174 37
171 43 173 46
171 76 176 77
171 86 174 88
171 99 173 102
171 109 173 112
171 113 182 113
171 126 182 126
171 151 182 151
171 156 174 158
171 171 182 171
171 186 182 186
171 190 176 191
171 203 173 206
171 241 174 243
171 245 176 246
172 0 183 0
172 22 175 24
172 56 174 59
172 64 174 67
172 70 175 72
172 95 175 97
172 98 183 98
172 107 177 108
172 122 177 123
172 128 183 128
172 134 177 135
172 137 175 139
172 142 177 143
172 144 183 144
172 152 174 155
172 172 174 175
172 179 175 181
172 183 177 184
172 194 177 195
172 216 175 218
172 228 183 228
173 5 184 5
173 16 175 19
173 21 184 21
173 54 184 54
173 60 178 61
173 63 184 63
173 68 178 69
173 73 176 75
173 114 176 116
173 159 175 162
173 163 178 164
173 166 184 166
173 188 184 188
173 189 184 189
173 192 178 193
173 200 184 200
173 208 175 211
173 214 184 214
173 234 184 234
173 237 176 239
173 240 184 240
174 1 177 3
174 6 176 9
174 10 177 12
174 15 185 15
174 26 185 26
174 31 176 34
174 42 176 45
174 46 177 48
174 50 185 50
174 52 179 53
174 79 176 82
174 83 185 83
174 85 185 85
174 99 176 102
174 103 179 104
174 109 176 112
174 118 179 119
174 120 185 120
174 131 185 131
174 149 179 150
174 198 185 198
174 203 177 205
174 206 185 206
174 221 185 221
174 230 177 232
175 35 178 37
175 56 177 59
175 64 177 67
175 86 186 86
175 88 186 88
175 105 186 105
175 141 186 141
175 145 180 146
175 152 176 157
175 168 186 168
175 172 177 175
175 213 186 213
175 229 186 229
175 236 186 236
175 241 178 243
176 16 178 19
176 22 178 25
176 27 179 29
176 70 179 72
176 89 181 90
176 93 187 93
176 95 179 97
176 137 178 140
176 147 187 147
176 158 178 161
176 162 187 162
176 167 187 167
176 177 187 177
176 179 179 181
176 208 178 211
176 216 179 218
177 6 179 9
177 31 179 34
177 42 179 45
177 51 188 51
177 73 179 76
177 77 188 77
177 79 179 82
177 84 188 84
177 87 188 87
177 99 179 102
177 106 188 106
177 110 188 110
177 111 188 111
177 112 188 112
177 114 180 116
177 152 178 157
177 190 182 191
177 201 188 201
177 215 188 215
177 219 188 219
177 227 188 227
177 233 188 233
177 237 180 239
177 245 182 246
178 1 181 3
178 10 181 12
178 46 181 48
178 56 180 59
178 62 189 62
178 64 181 66
178 78 189 78
178 107 181 109
178 122 183 123
178 134 181 136
178 142 183 143
178 172 183 173
178 174 181 176
178 183 183 184
178 194 183 195
178 203 181 205
178 220 189 220
178 222 189 222
178 230 181 232
178 235 189 235
179 4 190 4
179 16 181 19
179 22 181 25
179 30 190 30
179 35 182 37
179 60 184 61
179 67 182 69
179 92 190 92
179 125 190 125
179 127 190 127
179 137 181 140
179 152 190 152
179 153 190 153
179 154 190 154
179 155 182 157
179 158 181 161
179 163 182 165
179 192 184 193
179 196 184 197
179 208 181 211
179 225 184 226
179 241 181 244
179 247 184 248
180 6 182 9
180 13 191 13
180 27 183 29
180 31 182 34
180 42 185 43
180 45 191 45
180 49 191 49
180 52 185 53
180 70 182 73
180 74 183 76
180 79 182 82
180 94 182 97
180 99 182 102
180 103 185 104
180 118 185 119
180 149 185 150
180 170 191 170
180 179 182 182
180 185 191 185
180 199 191 199
180 207 191 207
180 216 191 216
180 217 191 217
180 224 191 224
180 249 191 249
181 38 192 38
181 41 192 41
181 44 192 44
181 56 183 59
181 91 192 91
181 114 183 117
181 121 192 121
181 129 186 130
181 145 186 146
181 178 192 178
181 218 192 218
181 237 184 239
182 1 185 3
182 10 185 12
182 16 184 19
182 22 184 25
182 39 187 40
182 46 187 47
182 48 193 48
182 55 193 55
182 64 193 64
182 66 193 66
182 89 187 90
182 107 185 109
182 124 193 124
182 132 183 137
182 138 185 140
182 158 184 161
182 169 193 169
182 174 185 176
182 187 193 187
182 202 184 205
182 208 184 211
182 212 193 212
182 230 185 232
182 241 184 244
183 6 185 9
183 14 194 14
183 20 194 20
183 31 185 34
183 35 194 35
183 36 188 37
183 67 185 70
183 71 186 73
183 79 185 82
183 94 185 97
183 99 185 102
183 113 194 113
183 126 194 126
183 148 194 148
183 151 194 151
183 155 186 157
183 163 186 165
183 171 194 171
183 179 185 182
183 186 194 186
183 190 188 191
183 245 188 246
184 0 195 0
184 27 187 29
184 56 186 59
184 74 187 76
184 98 195 98
184 114 186 117
184 122 189 123
184 128 195 128
184 132 195 132
184 133 186 136
184 137 195 137
184 142 187 144
184 173 195 173
184 183 189 184
184 194 189 195
185 5 196 5
185 16 187 19
185 21 187 24
185 25 196 25
185 54 196 54
185 60 196 60
185 61 196 61
185 63 196 63
185 158 187 161
185 172 196 172
185 188 190 189
185 192 190 193
185 196 190 197
185 200 196 200
185 202 187 205
185 208 187 211
185 214 196 214
185 223 196 223
185 225 196 225
185 226 196 226
185 234 196 234
185 237 187 240
185 241 187 244
185 247 196 247
185 248 196 248
186 2 191 3
186 6 188 9
186 10 189 12
186 15 197 15
186 31 188 34
186 42 191 43
186 50 197 50
186 52 191 53
186 67 188 70
186 79 188 82
186 83 197 83
186 85 197 85
186 94 188 97
186 99 188 102
186 103 191 104
186 107 189 109
186 118 189 120
186 131 197 131
186 138 189 140
186 149 191 150
186 174 189 176
186 179 188 182
186 198 197 198
186 206 197 206
186 221 197 221
186 230 189 232
187 26 198 26
187 56 189 59
187 71 190 73
187 86 198 86
187 88 198 88
187 114 189 117
187 129 192 130
187 133 189 136
187 145 192 146
187 155 190 157
187 163 189 166
187 168 198 168
187 213 198 213
187 228 192 229
187 236 198 236
188 16 190 19
188 21 190 24
188 27 191 29
188 39 193 40
188 46 193 47
188 74 191 76
188 89 193 90
188 93 199 93
188 105 199 105
188 141 190 144
188 147 199 147
188 158 190 161
188 162 199 162
188 177 199 177
188 202 190 205
188 208 191 210
188 237 190 240
188 241 191 243
188 244 199 244
189 6 191 9
189 31 191 34
189 37 199 37
189 51 199 51
189 67 191 70
189 77 199 77
189 79 191 82
189 87 199 87
189 94 191 97
189 99 191 102
189 111 194 112
189 179 192 181
189 182 199 182
189 201 199 201
189 215 199 215
189 219 199 219
189 233 199 233
189 245 194 246
190 10 193 12
190 56 193 58
190 62 199 62
190 78 199 78
190 106 192 109
190 114 193 116
190 117 192 120
190 122 195 123
190 133 192 136
190 138 193 140
190 163 192 166
190 174 193 176
190 183 195 184
190 194 195 195
190 220 199 220
190 230 193 232
190 235 199 235
191 4 199 4
191 16 193 19
191 21 193 24
191 71 194 73
191 92 199 92
191 125 199 125
191 141 193 144
191 152 193 155
191 156 193 159
191 161 199 161
191 188 193 191
191 192 196 193
191 196 196 197
191 202 194 204
191 205 199 205
191 237 193 240
192 6 194 9
192 13 199 13
192 27 195 29
192 30 195 32
192 33 197 34
192 42 197 43
192 52 197 53
192 67 194 70
192 74 197 75
192 79 195 81
192 82 199 82
192 94 194 97
192 99 194 102
192 103 197 104
192 149 197 150
192 170 199 170
192 207 194 210
192 216 197 217
192 224 199 224
192 241 195 243
193 2 198 3
193 106 195 109
193 117 195 120
193 129 198 130
193 133 196 135
193 145 198 146
193 163 195 166
193 178 195 181
193 227 196 229
194 10 197 12
194 16 196 19
194 21 196 24
194 38 196 41
194 44 196 47
194 48 199 49
194 55 196 58
194 64 197 66
194 89 197 91
194 114 197 116
194 138 196 141
194 142 197 144
194 152 196 155
194 156 196 159
194 174 197 176
194 187 196 190
194 211 199 212
194 230 197 232
194 237 196 240
195 6 197 9
195 67 197 70
195 71 198 73
195 94 197 97
195 99 198 101
195 110 197 113
195 202 198 204
195 207 197 210
195 245 199 246
196 27 198 30
196 106 198 109
196 117 199 119
196 120 198 123
196 126 199 128
196 163 198 166
196 178 198 181
196 183 198 186
196 241 199 243
197 17 199 20
197 22 199 25
197 38 199 41
197 54 199 57
197 58 199 61
197 132 197 141
197 151 199 154
197 155 199 158
197 187 199 190
197 192 199 195
197 225 199 228
197 237 199 240
198 5 199 10
198 31 199 36
198 63 199 68
198 110 199 115
198 133 198 144
198 171 199 176
198 196 199 200
198 206 199 210
199 69 199 76
199 129 199 140
